20
82.39360117123907 56 59
43.65158998570312 51 68
87.57865510926909 58 56
34.03473622410595 78 65
33.9071673378437  79 60
58.08424013814536 69 43
22.470279662246384 54 78
11.845604648560471 69 61
61.56370027262207 58 54
99.0943673883257 52 80
27.69260664917924 53 58
27.725577506893906 43 59
91.35428837296602 70 55
73.67267257585493 57 56
65.82904418849105 64 80
10.305444199162771 74 67
88.89237211843174 55 78
23.94533877516235 40 63
52.006247017431825 65 75
35.48345815203753 57 44